0 0.8453125 0.91484375 0.0078125 0.015625
0 0.8453125 0.815625 0.0078125 0.0125
0 0.84453125 0.7796875 0.0078125 0.015625
0 0.8453125 0.75 0.009375 0.0125
0 0.84453125 0.7171875 0.009375 0.015625
0 0.8453125 0.6515625 0.0078125 0.015625
0 0.8453125 0.40625 0.0078125 0.015625
0 0.5046875 0.9625 0.01875 0.00625
0 0.459375 0.96171875 0.0203125 0.00625
0 0.4109375 0.96171875 0.01875 0.00625
0 0.36328125 0.9625 0.01875 0.0078125
0 0.1484375 0.834375 0.009375 0.0171875
0 0.27109375 0.50703125 0.01875 0.00625
0 0.4578125 0.4171875 0.015625 0.0046875
0 0.45546875 0.425 0.0140625 0.0046875
0 0.4515625 0.5109375 0.009375 0.0125
0 0.66640625 0.1890625 0.01875 0.0078125
0 0.37109375 0.18984375 0.021875 0.00625
0 0.2765625 0.1890625 0.021875 0.00625
0 0.21640625 0.2515625 0.025 0.00625
2 0.79609375 0.3046875 0.021875 0.00625
1 0.8140625 0.3046875 0.00625 0.00625