0 0.08515625 0.1546875 0.01484375 0.0078125
0 0.184375 0.1546875 0.01171875 0.0078125
0 0.2203125 0.15546875 0.01484375 0.0078125
0 0.25 0.1546875 0.01328125 0.00859375
0 0.2828125 0.15546875 0.015625 0.00859375
0 0.3484375 0.1546875 0.015625 0.0078125
0 0.59375 0.1546875 0.01484375 0.0078125
0 0.0375 0.4953125 0.00546875 0.01875
0 0.03828125 0.540625 0.00546875 0.0203125
0 0.03828125 0.5890625 0.00546875 0.01953125
0 0.0375 0.63671875 0.00703125 0.01953125
0 0.165625 0.8515625 0.0171875 0.00859375
0 0.49296875 0.72890625 0.00625 0.01875
0 0.5828125 0.5421875 0.0046875 0.01484375
0 0.575 0.54453125 0.0046875 0.0140625
0 0.4890625 0.5484375 0.0125 0.009375
0 0.8109375 0.33359375 0.0078125 0.01953125
0 0.81015625 0.62890625 0.00703125 0.02109375
0 0.8109375 0.7234375 0.00546875 0.02265625
0 0.7484375 0.78359375 0.00625 0.02421875
2 0.6953125 0.20390625 0.00546875 0.02109375
1 0.6953125 0.1859375 0.00625 0.00546875