0 0.08515625 0.8453125 0.015625 0.0078125
0 0.184375 0.8453125 0.0125 0.0078125
0 0.2203125 0.84453125 0.015625 0.0078125
0 0.25 0.8453125 0.0125 0.009375
0 0.2828125 0.84453125 0.015625 0.009375
0 0.3484375 0.8453125 0.015625 0.0078125
0 0.59375 0.8453125 0.015625 0.0078125
0 0.0375 0.5046875 0.00625 0.01875
0 0.03828125 0.459375 0.00625 0.0203125
0 0.03828125 0.4109375 0.00625 0.01875
0 0.0375 0.36328125 0.00625 0.01875
0 0.165625 0.1484375 0.0171875 0.009375
0 0.49296875 0.27109375 0.00625 0.01875
0 0.5828125 0.4578125 0.0046875 0.015625
0 0.575 0.45546875 0.0046875 0.0140625
0 0.4890625 0.4515625 0.0125 0.009375
0 0.8109375 0.66640625 0.0078125 0.01875
0 0.81015625 0.37109375 0.00625 0.021875
0 0.8109375 0.2765625 0.00625 0.021875
0 0.7484375 0.21640625 0.00625 0.025
2 0.6953125 0.79609375 0.00625 0.021875
1 0.6953125 0.8140625 0.00625 0.00625