0 0.94765625 0.84453125 0.0109375 0.00625
0 0.915625 0.84453125 0.0140625 0.0046875
0 0.84609375 0.84453125 0.0171875 0.009375
0 0.81640625 0.84453125 0.01875 0.0078125
0 0.78046875 0.84453125 0.0140625 0.0078125
0 0.71484375 0.8453125 0.015625 0.009375
0 0.684375 0.8453125 0.015625 0.00625
0 0.6515625 0.84453125 0.015625 0.00625
0 0.6203125 0.84453125 0.015625 0.0078125
0 0.1890625 0.46796875 0.0125 0.0265625
0 0.18828125 0.31953125 0.009375 0.021875
0 0.2515625 0.221875 0.009375 0.025
0 0.5078125 0.18046875 0.00625 0.021875
0 0.50703125 0.221875 0.00625 0.021875
0 0.50625 0.271875 0.00625 0.01875
0 0.50703125 0.31953125 0.00625 0.0171875
0 0.5078125 0.3703125 0.00625 0.01875
0 0.5078125 0.41953125 0.00625 0.015625
0 0.646875 0.45078125 0.015625 0.0078125
2 0.30390625 0.79609375 0.00625 0.0203125
1 0.3046875 0.8140625 0.00625 0.00625