0 0.05234375 0.15546875 0.0109375 0.00703125
0 0.084375 0.15546875 0.0140625 0.0046875
0 0.15390625 0.15546875 0.0171875 0.00859375
0 0.18359375 0.15546875 0.01796875 0.0078125
0 0.21953125 0.15546875 0.0140625 0.0078125
0 0.28515625 0.1546875 0.01484375 0.00859375
0 0.315625 0.1546875 0.015625 0.00703125
0 0.3484375 0.15546875 0.015625 0.00703125
0 0.3796875 0.15546875 0.01640625 0.0078125
0 0.8109375 0.53203125 0.01171875 0.0265625
0 0.81171875 0.68046875 0.00859375 0.02109375
0 0.7484375 0.778125 0.009375 0.02421875
0 0.4921875 0.81953125 0.00703125 0.02265625
0 0.49296875 0.778125 0.00625 0.021875
0 0.49375 0.728125 0.00703125 0.01953125
0 0.49296875 0.68046875 0.00546875 0.0171875
0 0.4921875 0.6296875 0.00625 0.01875
0 0.4921875 0.58046875 0.00625 0.01640625
0 0.353125 0.54921875 0.015625 0.0078125
2 0.69609375 0.20390625 0.00703125 0.0203125
1 0.6953125 0.1859375 0.00546875 0.00546875