0 0.03671875 0.140625 0.0125 0.00859375
0 0.06953125 0.140625 0.01328125 0.009375
0 0.1390625 0.14140625 0.0125 0.009375
0 0.16875 0.14140625 0.0125 0.00703125
0 0.2046875 0.140625 0.01328125 0.00859375
0 0.27421875 0.14140625 0.0109375 0.00625
0 0.303125 0.140625 0.0140625 0.00703125
0 0.33671875 0.1390625 0.0109375 0.0078125
0 0.3703125 0.140625 0.01328125 0.01015625
0 0.80859375 0.5375 0.00625 0.0234375
0 0.80859375 0.68828125 0.0046875 0.01796875
0 0.74453125 0.79453125 0.00546875 0.02109375
0 0.48515625 0.8390625 0.00546875 0.0234375
0 0.48515625 0.79296875 0.00703125 0.021875
0 0.484375 0.7421875 0.00625 0.021875
0 0.48515625 0.68984375 0.00625 0.0234375
0 0.484375 0.63828125 0.00625 0.021875
0 0.484375 0.5828125 0.00546875 0.02109375
0 0.3421875 0.5515625 0.01640625 0.009375
1 0.68984375 0.1734375 0.0078125 0.00625
2 0.69140625 0.1921875 0.0078125 0.021875