0 0.93046875 0.8703125 0.0125 0.009375
0 0.86171875 0.86875 0.0125 0.009375
0 0.8328125 0.86875 0.0125 0.0078125
0 0.7953125 0.86953125 0.0140625 0.009375
0 0.7265625 0.86875 0.0125 0.009375
0 0.6953125 0.86796875 0.0171875 0.009375
0 0.66328125 0.8703125 0.015625 0.009375
0 0.63046875 0.86953125 0.0125 0.0078125
0 0.1921875 0.46484375 0.00625 0.025
0 0.19140625 0.3078125 0.00625 0.025
0 0.25703125 0.20078125 0.00625 0.025
0 0.515625 0.15546875 0.00625 0.01875
0 0.51640625 0.2046875 0.0046875 0.021875
0 0.51640625 0.2546875 0.0046875 0.01875
0 0.51640625 0.30859375 0.0046875 0.01875
0 0.51640625 0.415625 0.003125 0.0109375
0 0.515625 0.3625 0.00625 0.015625
0 0.65859375 0.4484375 0.009375 0.00625
0 0.96328125 0.86796875 0.009375 0.009375
1 0.31015625 0.83671875 0.009375 0.00625
2 0.31015625 0.81796875 0.009375 0.025