0 0.02734375 0.1390625 0.0140625 0.00859375
0 0.06015625 0.1375 0.0109375 0.009375
0 0.1296875 0.13828125 0.01171875 0.00625
0 0.159375 0.1375 0.0125 0.00703125
0 0.19609375 0.13828125 0.0109375 0.00859375
0 0.26484375 0.13828125 0.0125 0.0078125
0 0.2953125 0.13828125 0.0109375 0.0078125
0 0.3296875 0.13828125 0.01171875 0.0078125
0 0.36171875 0.1375 0.0109375 0.0078125
0 0.80625 0.5328125 0.00546875 0.01796875
0 0.80546875 0.68671875 0.00546875 0.01796875
0 0.74140625 0.7921875 0.00625 0.02109375
0 0.4796875 0.8390625 0.00546875 0.015625
0 0.47890625 0.78984375 0.00546875 0.01796875
0 0.47890625 0.740625 0.00546875 0.02265625
0 0.47890625 0.68828125 0.00625 0.0234375
0 0.47890625 0.63671875 0.00625 0.01640625
0 0.47890625 0.5828125 0.00625 0.0140625
0 0.33515625 0.5515625 0.01015625 0.009375
1 0.68671875 0.1703125 0.00703125 0.00625
2 0.6875 0.1890625 0.00859375 0.0234375