0 0.1296875 0.93046875 0.009375 0.0125
0 0.13125 0.86171875 0.009375 0.0125
0 0.13125 0.8328125 0.0078125 0.0125
0 0.13046875 0.7953125 0.009375 0.015625
0 0.13125 0.7265625 0.009375 0.0125
0 0.13203125 0.6953125 0.009375 0.0171875
0 0.1296875 0.66328125 0.009375 0.015625
0 0.13046875 0.63046875 0.0078125 0.0125
0 0.53515625 0.1921875 0.025 0.00625
0 0.6921875 0.19140625 0.025 0.00625
0 0.79921875 0.25703125 0.025 0.00625
0 0.84453125 0.515625 0.01875 0.00625
0 0.7953125 0.51640625 0.021875 0.0046875
0 0.7453125 0.51640625 0.01875 0.0046875
0 0.69140625 0.51640625 0.01875 0.0046875
0 0.584375 0.51640625 0.0109375 0.003125
0 0.6375 0.515625 0.015625 0.00625
0 0.5515625 0.65859375 0.00625 0.009375
0 0.13203125 0.96328125 0.009375 0.009375
1 0.16328125 0.31015625 0.00625 0.009375
2 0.18203125 0.31015625 0.025 0.009375