0 0.15546875 0.94765625 0.00625 0.0109375
0 0.15546875 0.915625 0.0046875 0.0140625
0 0.15546875 0.84609375 0.009375 0.0171875
0 0.15546875 0.81640625 0.0078125 0.01875
0 0.15546875 0.78046875 0.0078125 0.0140625
0 0.1546875 0.71484375 0.009375 0.015625
0 0.1546875 0.684375 0.00625 0.015625
0 0.15546875 0.6515625 0.00625 0.015625
0 0.15546875 0.6203125 0.0078125 0.015625
0 0.53203125 0.1890625 0.0265625 0.0125
0 0.68046875 0.18828125 0.021875 0.009375
0 0.778125 0.2515625 0.025 0.009375
0 0.81953125 0.5078125 0.021875 0.00625
0 0.778125 0.50703125 0.021875 0.00625
0 0.728125 0.50625 0.01875 0.00625
0 0.68046875 0.50703125 0.0171875 0.00625
0 0.6296875 0.5078125 0.01875 0.00625
0 0.58046875 0.5078125 0.015625 0.00625
0 0.54921875 0.646875 0.0078125 0.015625
2 0.20390625 0.30390625 0.0203125 0.00625
1 0.1859375 0.3046875 0.00625 0.00625