0 0.02734375 0.8609375 0.0140625 0.009375
0 0.06015625 0.8625 0.0109375 0.009375
0 0.1296875 0.86171875 0.0125 0.00625
0 0.159375 0.8625 0.0125 0.00625
0 0.19609375 0.86171875 0.0109375 0.009375
0 0.26484375 0.86171875 0.0125 0.0078125
0 0.2953125 0.86171875 0.0109375 0.0078125
0 0.3296875 0.86171875 0.0125 0.0078125
0 0.36171875 0.8625 0.0109375 0.0078125
0 0.80625 0.4671875 0.00625 0.01875
0 0.80546875 0.31328125 0.00625 0.01875
0 0.74140625 0.2078125 0.00625 0.021875
0 0.4796875 0.1609375 0.00625 0.015625
0 0.47890625 0.21015625 0.00625 0.01875
0 0.47890625 0.259375 0.00625 0.021875
0 0.47890625 0.31171875 0.00625 0.0234375
0 0.47890625 0.36328125 0.00625 0.015625
0 0.47890625 0.4171875 0.00625 0.0140625
0 0.33515625 0.4484375 0.009375 0.009375
1 0.68671875 0.8296875 0.00625 0.00625
2 0.6875 0.8109375 0.009375 0.0234375