0 0.06953125 0.1296875 0.0125 0.009375
0 0.13828125 0.13125 0.0125 0.00859375
0 0.1671875 0.13125 0.01328125 0.0078125
0 0.2046875 0.13046875 0.01484375 0.009375
0 0.2734375 0.13125 0.01171875 0.00859375
0 0.3046875 0.13203125 0.0171875 0.01015625
0 0.33671875 0.1296875 0.01484375 0.009375
0 0.36953125 0.13046875 0.01328125 0.0078125
0 0.8078125 0.53515625 0.00703125 0.02421875
0 0.80859375 0.6921875 0.00546875 0.02421875
0 0.74296875 0.79921875 0.00625 0.02421875
0 0.484375 0.84453125 0.00625 0.01796875
0 0.48359375 0.7953125 0.0046875 0.02109375
0 0.48359375 0.7453125 0.0046875 0.01796875
0 0.48359375 0.69140625 0.0046875 0.01875
0 0.48359375 0.584375 0.00390625 0.0109375
0 0.484375 0.6375 0.00546875 0.01640625
0 0.34140625 0.5515625 0.01015625 0.00625
0 0.03671875 0.13203125 0.01015625 0.009375
1 0.68984375 0.16328125 0.00859375 0.00546875
2 0.68984375 0.18203125 0.009375 0.02421875