0 0.859375 0.03671875 0.009375 0.0125
0 0.859375 0.06953125 0.009375 0.0125
0 0.85859375 0.1390625 0.009375 0.0125
0 0.85859375 0.16875 0.00625 0.0125
0 0.859375 0.2046875 0.009375 0.0125
0 0.85859375 0.27421875 0.00625 0.0109375
0 0.859375 0.303125 0.00625 0.0140625
0 0.8609375 0.33671875 0.0078125 0.0109375
0 0.859375 0.3703125 0.009375 0.0125
0 0.4625 0.80859375 0.0234375 0.00625
0 0.31171875 0.80859375 0.01875 0.0046875
0 0.20546875 0.74453125 0.021875 0.00625
0 0.1609375 0.48515625 0.0234375 0.00625
0 0.20703125 0.48515625 0.021875 0.00625
0 0.2578125 0.484375 0.021875 0.00625
0 0.31015625 0.48515625 0.0234375 0.00625
0 0.36171875 0.484375 0.021875 0.00625
0 0.4171875 0.484375 0.021875 0.00625
0 0.4484375 0.3421875 0.009375 0.015625
1 0.8265625 0.68984375 0.00625 0.0078125
2 0.8078125 0.69140625 0.021875 0.0078125