0 0.0265625 0.128125 0.01171875 0.009375
0 0.059375 0.12734375 0.01328125 0.00859375
0 0.13046875 0.128125 0.015625 0.01015625
0 0.16015625 0.12734375 0.0125 0.00859375
0 0.196875 0.12734375 0.01328125 0.0078125
0 0.2671875 0.1265625 0.01328125 0.0078125
0 0.2984375 0.12578125 0.015625 0.009375
0 0.33125 0.1265625 0.01171875 0.009375
0 0.36484375 0.12578125 0.01171875 0.01015625
0 0.80546875 0.52734375 0.00625 0.01796875
0 0.80546875 0.68515625 0.00546875 0.0203125
0 0.74140625 0.7890625 0.00546875 0.021875
0 0.478125 0.83359375 0.00625 0.01953125
0 0.4796875 0.7875 0.0046875 0.0203125
0 0.47890625 0.734375 0.00546875 0.02109375
0 0.47890625 0.6875 0.00625 0.021875
0 0.47890625 0.63125 0.00625 0.0203125
0 0.478125 0.57734375 0.0046875 0.01484375
0 0.3359375 0.5453125 0.0125 0.00859375
1 0.68671875 0.159375 0.00625 0.00546875
2 0.6875 0.178125 0.009375 0.0234375