0 0.140625 0.96328125 0.009375 0.0125
0 0.140625 0.93046875 0.009375 0.0125
0 0.14140625 0.8609375 0.009375 0.0125
0 0.14140625 0.83125 0.00625 0.0125
0 0.140625 0.7953125 0.009375 0.0140625
0 0.14140625 0.72578125 0.00625 0.0109375
0 0.140625 0.696875 0.00625 0.0140625
0 0.1390625 0.66328125 0.0078125 0.0109375
0 0.140625 0.6296875 0.009375 0.0140625
0 0.5375 0.19140625 0.0234375 0.00625
0 0.68828125 0.19140625 0.01875 0.0046875
0 0.79453125 0.25546875 0.021875 0.00625
0 0.8390625 0.51484375 0.0234375 0.00625
0 0.79296875 0.51484375 0.021875 0.00625
0 0.7421875 0.515625 0.021875 0.00625
0 0.68984375 0.51484375 0.0234375 0.00625
0 0.63828125 0.515625 0.021875 0.00625
0 0.5828125 0.515625 0.021875 0.00625
0 0.5515625 0.6578125 0.009375 0.015625
1 0.1734375 0.31015625 0.00625 0.0078125
2 0.1921875 0.30859375 0.021875 0.0078125