0 0.128125 0.9734375 0.009375 0.0125
0 0.12734375 0.940625 0.009375 0.0125
0 0.128125 0.86953125 0.009375 0.015625
0 0.12734375 0.83984375 0.009375 0.0125
0 0.12734375 0.803125 0.0078125 0.0140625
0 0.1265625 0.7328125 0.0078125 0.0125
0 0.12578125 0.7015625 0.009375 0.015625
0 0.1265625 0.66875 0.009375 0.0125
0 0.12578125 0.63515625 0.009375 0.0125
0 0.52734375 0.19453125 0.01875 0.00625
0 0.68515625 0.19453125 0.0203125 0.00625
0 0.7890625 0.25859375 0.021875 0.00625
0 0.83359375 0.521875 0.01875 0.00625
0 0.7875 0.5203125 0.0203125 0.0046875
0 0.734375 0.52109375 0.021875 0.00625
0 0.6875 0.52109375 0.021875 0.00625
0 0.63125 0.52109375 0.0203125 0.00625
0 0.57734375 0.521875 0.015625 0.0046875
0 0.5453125 0.6640625 0.009375 0.0125
1 0.159375 0.31328125 0.00625 0.00625
2 0.178125 0.3125 0.0234375 0.009375