0 0.871875 0.0265625 0.009375 0.0125
0 0.87265625 0.059375 0.009375 0.0125
0 0.871875 0.13046875 0.009375 0.015625
0 0.87265625 0.16015625 0.009375 0.0125
0 0.87265625 0.196875 0.0078125 0.0125
0 0.8734375 0.2671875 0.0078125 0.0125
0 0.87421875 0.2984375 0.009375 0.015625
0 0.8734375 0.33125 0.009375 0.0125
0 0.87421875 0.36484375 0.009375 0.0125
0 0.47265625 0.80546875 0.01875 0.00625
0 0.31484375 0.80546875 0.0203125 0.00625
0 0.2109375 0.74140625 0.021875 0.00625
0 0.16640625 0.478125 0.01875 0.00625
0 0.2125 0.4796875 0.0203125 0.0046875
0 0.265625 0.47890625 0.021875 0.00625
0 0.3125 0.47890625 0.021875 0.00625
0 0.36875 0.47890625 0.0203125 0.00625
0 0.42265625 0.478125 0.015625 0.0046875
0 0.4546875 0.3359375 0.009375 0.0125
1 0.840625 0.68671875 0.00625 0.00625
2 0.821875 0.6875 0.0234375 0.009375